image_width: 1280
image_height: 720
camera_name: head_camera
camera_matrix:
  rows: 3
  cols: 3
  data: [1032.190947748587, 0, 627.6163950066871, 0, 1033.191876280891, 365.3161476739541, 0, 0, 1]
distortion_model: plumb_bob
distortion_coefficients:
  rows: 1
  cols: 5
  data: [-0.4276194883126353, 0.1950398806107199, -0.001872609305616784, -0.001873183458346616, 0]
rectification_matrix:
  rows: 3
  cols: 3
  data: [1, 0, 0, 0, 1, 0, 0, 0, 1]
projection_matrix:
  rows: 3
  cols: 4
  data: [844.42333984375, 0, 617.6110403876519, 0, 0, 975.461181640625, 364.5665242614414, 0, 0, 0, 1, 0]